64385








128936
64386


129022
64386











64386





64401






129022
129022







64386






32132

64386



















64405













































64388
64388
64388















































64418











64386


64386

64386




64386













64388
64388
64386






























































































15933



15910
64386





15909
64386







































































32133
32132


32132












64302

64302






















































128936

























31982
31982

























































































128812

















32057
64297
64297
64297
64300




64312
64313
64312
64312
32057
64313
64327
64312
32057
32057
32057
64313
32057
32057


64312
32057
32057
32056
32056


64312
32056
32056
32056

32056
32057
32057


64299
64299
64299
64299
128932
128932

258203
64297
64297
64299
64299
31995




64300
32044
64300
128812





128824
128824
128824
128824
128824
128824
128824
128824
128824
128824
128824
128824
128824
128824
128824
128824
128824
128824
128824
128824
128824
128824
128824
128824
128824
128824
128824
128823
128824
128824
128824
128823
128824
128824
128824
128824
128824
128824


128825
128825
64313
64313
128823
128825

128825

644920




128948






64312
64311
64313
64313
64311
64311
64311
64312
64313
64313
64313
64313
64313
64313
64313
64313
64313
64311
64313


257848
257847


257848
257848
64313
64312









258218


257848
128824
128824
128824
128824
128824
128824
128824
128824
128824
128824
128824
128824
128824
128824
128824
128824
128824
128824
128824
64313
128825
64313
128825
128825
128825
128675
64313





644920
644920
644920
644920





64313
64311
128825
128825
128823




64312




64313
128825
128823
128825
258218
258218


258218
258218

258218
258219
257848







64312
























































128824
128824
128824
128823
128823












64312
64312
64312
64312
64312
64312
64313
64312
64313
64311
64313
64313
64313
64313
64313
64313
64313
64313
64312
32056
32056
258218
258218
258219
258219
258218
258219
64312
64312
64312
64312
64312
64312
64312
64312
64312
64312
257848
257848
257848
257848
258218
257848
258218
258218











258207
258207
258207
258207
258207
258207
258207
258207
258207
64312
64312
64312
64312

64311
644920
258218
258218
258220
258220
258220
258218
258218
258218
258218
258218
258218
258218
258218
258363
258218
258218
258218
258218

258218
258218
258218
258218
258218
258218
258218
128824
128824
128823
128823
644919
644919
128824
128824
644919
644919
644919
644919
64313

64313
258218
516761
516761
516761
516761
516761
257848




64310
64310





















257848
257848
128825
128825
128825
128825
128825
257720
257720
257720
257720
128823
128825
64312
64312
64312
64312
64312
64312
64312
64312
















258220






258218
258218
258218
258218
516761
257848
128825
128825
128825
128825
128825
644920





















257848
257848
257848
257848
257848
257848
257847
257848
257848
257848
257848
32056
32056
32056
225591
257847
257847
257847




























257847
64313
257859
257859


257847






64313

64313
64313
64313
258218



258218
258218
258218
258218
258218
258218
258218
258218
257848
64310
258218
258218
257848
257848
257848
257848
257848
258218
258218
128825











257847


















258218
258218
258218
258218
258218
258218
257848
257848
257848


515896
64313
257848
257848
257848
257848
257848
257848
257848
257848
257848
257848
257848
257848
257848
257848
257848
257848
257848
257848
257848
257848
257848
257848
257848
257848
257848
257848
257847
257847
257847
257847
257847
257847
257847
257847
257847
257847
257847
257847
257847
257847
257847
257847
257847
257847
257847
257847
257847
257847
257847
225591
257847
257847
257847
257847
515896
64312
128825
128825
128825
128825

258218
258218
















































257859






































258220






























































257847
257847
257847
257847
257847
257847
257847
257847
257847
257847
257848
257848
257848
257848






258218
258218
258218
258218
258218
258218
258218
258218
258218
258218


257848


258218


257848
257392
257392
257392

257392
257392
257392
257392
257392
257392
257392
257392
257392
257392
257392
257392
257392
257392
644212
644212
644212
644212
644212
644212
257392
257392














257392
257392
257392
257392
257392
257734
257734
257734
257734
257734
257734
257734
257734
257734
257734
257734
257734
257734
257734
257734
257734
257734
257734
257734
257734
257734
257734
257734
257734
257734
257734
257734
257734
257734
257734
257734
257734
257734
257734
257734
257734
257734
257734
257734
257734
257734
257734

257734
257734
257734
257734
257734
257734
257734
257734


257734
257734
257734
257734
257370















257581
257581
257581
257581
257581
257734























257734
128346








































128554
128554
128554
